hsa-miR-200a-5p|0|0 0.6525804038893044
hsa-miR-210-3p|0|0 0.6323859386686612
hsa-miR-23a-3p|0|-1 0.6271503365744203
hsa-miR-103a-3p|+2|0 0.62490650710546
hsa-miR-145-5p|0|-2 0.6181750186985789
hsa-miR-10a-5p|0|+1 0.6077038145100973
hsa-miR-200b-3p|0|0 0.6039640987284967
hsa-miR-30d-5p|0|+1 0.6039640987284967
hsa-miR-194-5p|0|+1 0.6035901271503366
hsa-miR-532-5p|0|0 0.5961106955871354
hsa-miR-145-5p|0|-1 0.5946148092744952
hsa-miR-126-3p|+1|0 0.5938668661181751
hsa-miR-200a-5p|0|-1 0.5905011219147345
hsa-miR-21-3p|0|+1 0.5886312640239342
hsa-miR-10b-5p|0|-3 0.5852655198204937
hsa-miR-21-5p|0|+2 0.5833956619296934
hsa-miR-10a-5p|+1|+1 0.5818997756170531
hsa-miR-374a-3p|0|0 0.5818997756170531
hsa-miR-26b-5p|0|+1 0.5815258040388931
hsa-miR-183-5p|+1|+2 0.5796559461480928
hsa-miR-10b-5p|0|-2 0.5792819745699327
hsa-miR-99b-5p|0|-2 0.5729244577412117
hsa-miR-24-3p|0|-2 0.5721765145848915
hsa-miR-106b-3p|0|-1 0.5718025430067315
hsa-miR-92a-3p|0|+1 0.5714285714285714
hsa-miR-141-5p|0|-1 0.5706806282722513
hsa-miR-21-5p|0|-4 0.5706806282722513
hsa-miR-182-5p|0|+1 0.5695587135377711
hsa-miR-23a-3p|0|+1 0.5691847419596111
hsa-miR-27a-3p|0|-1 0.5691847419596111
hsa-miR-30a-3p|0|-1 0.5684367988032909
hsa-miR-182-5p|0|-4 0.5680628272251309
hsa-miR-10a-5p|-1|-1 0.5665669409124906
hsa-miR-200c-3p|0|-2 0.5650710545998504
hsa-miR-194-5p|0|0 0.5646970830216903
hsa-miR-26a-5p|0|-2 0.5646970830216903
hsa-miR-21-5p|0|-3 0.5643231114435303
hsa-miR-30e-5p|0|0 0.5635751682872102
hsa-miR-29a-3p|0|-2 0.5632011967090501
hsa-miR-30d-5p|0|0 0.5620792819745699
hsa-miR-93-5p|0|0 0.5613313388182498
hsa-miR-26a-5p|0|0 0.5605833956619297
hsa-miR-92a-3p|0|0 0.5605833956619297
hsa-miR-200a-3p|0|+1 0.5598354525056096
hsa-miR-126-3p|0|0 0.5590875093492894
hsa-miR-200b-3p|0|-1 0.5590875093492894
hsa-miR-30e-5p|0|+1 0.5587135377711294
hsa-miR-92a-3p|+1|0 0.5587135377711294
hsa-miR-145-5p|0|0 0.5579655946148093
hsa-miR-23a-3p|0|+2 0.556095736724009
hsa-miR-429|0|0 0.556095736724009
hsa-miR-29a-3p|0|-1 0.5557217651458489
hsa-miR-25-3p|0|0 0.5553477935676888
hsa-let-7e-5p|0|0 0.5545998504113687
hsa-miR-103a-3p|0|0 0.5538519072550486
hsa-miR-99b-5p|0|-1 0.5538519072550486
hsa-miR-200b-3p|0|+1 0.5534779356768885
hsa-miR-30e-3p|0|0 0.5531039640987285
hsa-let-7f-5p|0|-2 0.5527299925205684
hsa-miR-143-3p|0|+1 0.5523560209424084
hsa-miR-21-5p|0|+1 0.5523560209424084
hsa-miR-10b-5p|+1|-1 0.5516080777860882
hsa-miR-1307-3p|0|+1 0.5512341062079282
hsa-miR-29a-3p|0|0 0.5512341062079282
hsa-miR-203a-3p|+1|0 0.550486163051608
hsa-miR-20a-5p|0|0 0.550486163051608
hsa-miR-21-3p|0|0 0.550486163051608
hsa-miR-28-3p|0|0 0.550486163051608
hsa-miR-182-5p|0|0 0.550112191473448
hsa-miR-183-5p|0|-2 0.5486163051608077
hsa-miR-203a-3p|0|+1 0.5482423335826477
hsa-miR-17-5p|0|0 0.5478683620044876
hsa-miR-143-3p|0|0 0.5471204188481675
hsa-miR-203a-3p|0|0 0.5471204188481675
hsa-miR-21-5p|0|-2 0.5471204188481675
hsa-miR-143-3p|0|-2 0.5452505609573672
hsa-miR-375|0|-1 0.5445026178010471
hsa-miR-192-5p|0|+2 0.543754674644727
hsa-miR-182-5p|0|-1 0.5430067314884068
hsa-miR-182-5p|0|+2 0.5426327599102468
hsa-miR-191-5p|0|-1 0.5418848167539267
hsa-miR-23a-3p|0|0 0.5418848167539267
hsa-miR-10b-5p|0|-1 0.5415108451757666
hsa-miR-143-3p|0|-3 0.5400149588631264
hsa-miR-29b-3p|0|0 0.5396409872849663
hsa-miR-29c-3p|0|-1 0.5396409872849663
hsa-miR-192-5p|+1|0 0.5388930441286462
hsa-miR-375|0|0 0.5388930441286462
hsa-miR-151a-3p|0|0 0.5381451009723262
hsa-miR-143-3p|0|-1 0.537771129394166
hsa-miR-181a-2-3p|0|0 0.5366492146596858
hsa-miR-30a-5p|0|0 0.5366492146596858
hsa-miR-379-5p|0|0 0.5366492146596858
hsa-let-7a-5p|0|-1 0.5362752430815259
hsa-miR-101-3p|0|-1 0.5359012715033658
hsa-miR-10a-5p|+1|0 0.5355272999252056
hsa-miR-192-5p|+1|+2 0.5355272999252056
hsa-miR-100-5p|0|-1 0.5351533283470457
hsa-miR-192-5p|+1|+1 0.5340314136125655
hsa-let-7b-5p|0|0 0.5336574420344053
hsa-miR-183-5p|0|+1 0.5336574420344053
hsa-miR-194-5p|0|-1 0.5332834704562454
hsa-miR-196b-5p|0|0 0.5332834704562454
hsa-miR-10a-5p|0|-1 0.5329094988780853
hsa-miR-21-5p|0|-1 0.5306656694091249
hsa-let-7f-5p|0|-1 0.5302916978309649
hsa-miR-27b-3p|0|0 0.5276738967838445
hsa-miR-151a-3p|0|+1 0.5265519820493643
hsa-miR-10b-5p|+1|+1 0.5261780104712042
hsa-miR-22-3p|0|0 0.5261780104712042
hsa-let-7a-5p|0|-2 0.5254300673148841
hsa-miR-30e-5p|+1|+2 0.5254300673148841
hsa-miR-10a-5p|+1|-2 0.5235602094240838
hsa-miR-141-3p|0|+1 0.5231862378459237
hsa-miR-199a-5p|0|0 0.5228122662677637
hsa-miR-148a-3p|0|0 0.5224382946896036
hsa-miR-182-5p|0|-3 0.5224382946896036
hsa-miR-10a-5p|0|0 0.5220643231114436
hsa-miR-148a-3p|0|+1 0.5213163799551234
hsa-miR-27a-3p|0|0 0.5213163799551234
hsa-miR-10a-5p|+1|-1 0.5205684367988033
hsa-miR-10a-5p|0|-2 0.5201944652206433
hsa-miR-182-5p|0|-2 0.518698578908003
hsa-miR-143-3p|-1|-1 0.518324607329843
hsa-miR-30e-3p|0|-2 0.5172026925953628
hsa-miR-183-5p|+1|+1 0.5168287210172027
hsa-miR-1307-3p|+1|+1 0.5164547494390427
hsa-miR-27b-3p|0|-1 0.5164547494390427
hsa-miR-192-5p|0|-1 0.5160807778608826
hsa-miR-16-5p|0|0 0.5157068062827225
hsa-miR-320a|0|0 0.5149588631264024
hsa-let-7g-5p|0|0 0.5145848915482424
hsa-miR-30b-5p|0|0 0.5142109199700823
hsa-miR-200c-3p|0|-1 0.5138369483919222
hsa-miR-192-5p|0|-2 0.5134629768137622
hsa-let-7f-5p|0|0 0.512341062079282
hsa-miR-103a-3p|0|-1 0.512341062079282
hsa-miR-21-5p|0|0 0.5115931189229619
hsa-miR-378a-3p|0|0 0.5115931189229619
hsa-miR-101-3p|-1|-1 0.5108451757666418
hsa-miR-23b-3p|0|0 0.5108451757666418
hsa-miR-584-5p|0|-1 0.5104712041884817
hsa-miR-203a-3p|+1|+1 0.5093492894540015
hsa-miR-183-5p|0|-1 0.5089753178758414
hsa-miR-196b-5p|0|-1 0.5089753178758414
hsa-miR-101-3p|0|+1 0.5078534031413613
hsa-miR-10b-5p|0|0 0.5071054599850411
hsa-miR-148a-3p|+1|0 0.5071054599850411
hsa-miR-199a-3p|0|-2 0.5052356020942408
hsa-miR-199b-3p|0|-2 0.5052356020942408
hsa-miR-99b-5p|0|0 0.5052356020942408
hsa-miR-30a-3p|0|0 0.5048616305160808
hsa-let-7a-5p|0|0 0.5033657442034405
hsa-miR-142-3p|+1|-1 0.5022438294689604
hsa-miR-199a-3p|0|-1 0.5011219147344802
hsa-miR-199b-3p|0|-1 0.5011219147344802
hsa-miR-22-3p|+1|0 0.5003739715781601
hsa-miR-22-3p|0|+1 0.49775617053103965
hsa-miR-30e-5p|+1|+1 0.4962602842183994
hsa-miR-142-3p|+1|0 0.49588631264023936
hsa-miR-183-5p|0|0 0.4951383694839192
hsa-miR-101-3p|0|0 0.4943904263275991
hsa-miR-192-5p|0|0 0.49364248317127896
hsa-miR-30e-3p|0|-1 0.49214659685863876
hsa-let-7b-5p|0|-3 0.4913986537023186
hsa-miR-148a-3p|0|-1 0.49102468212415856
hsa-miR-181a-5p|0|-1 0.49102468212415856
hsa-let-7b-5p|0|+1 0.49027673896783847
hsa-miR-29a-3p|0|-3 0.49027673896783847
hsa-miR-29a-3p|-1|-1 0.48728496634255797
hsa-miR-183-5p|+1|0 0.48653702318623787
hsa-miR-191-5p|0|0 0.4839192221391174
hsa-miR-10b-5p|+1|0 0.4835452505609574
hsa-miR-200c-3p|0|0 0.4835452505609574
hsa-miR-24-3p|0|0 0.4835452505609574
hsa-let-7b-5p|0|-1 0.4827973074046372
hsa-miR-30e-5p|0|-3 0.4820493642483171
hsa-miR-148a-3p|0|+2 0.4809274495138369
hsa-let-7b-5p|0|-2 0.4768137621540763
hsa-miR-375|+1|0 0.47569184741959614
hsa-miR-17-3p|0|0 0.47270007479431564
hsa-miR-10a-5p|0|-3 0.47157816005983544
hsa-miR-192-5p|0|+1 0.4674644727000748
hsa-miR-28-3p|0|-1 0.46596858638743455
hsa-miR-148a-3p|0|-2 0.46335078534031415
hsa-miR-30a-5p|0|+1 0.46222887060583395
hsa-miR-25-3p|0|-1 0.45961106955871356
hsa-miR-192-5p|+1|+3 0.4513836948391922
hsa-miR-28-3p|0|+1 0.450261780104712
